ARGS:Namespace(data_source='numf1', face_regions='[forehead,face_ISOV]', gpu_devices='0', lr=0.0001, num_epochs=1, rec_dir='../../results/scores_rec/region_fusion', seed=1, size='256', test_batch=1, train_batch=2)

epoch:0
0.7205216288566589,0.2794783413410187,0
0.7940425276756287,0.20595745742321014,0
0.5869763493537903,0.41302362084388733,1
0.17102763056755066,0.828972339630127,1
0.5959334969520569,0.4040665328502655,1
0.4750158190727234,0.5249841809272766,1
0.2723040282726288,0.7276960015296936,1
0.17072263360023499,0.8292773365974426,1
0.8157765865325928,0.18422333896160126,0
0.935360312461853,0.064639613032341,1
0.7808281779289246,0.21917183697223663,1
0.09987055510282516,0.9001294374465942,1
0.7372565865516663,0.26274341344833374,0
0.3670389950275421,0.6329609751701355,0
0.10657457262277603,0.8934254050254822,1
0.1580895036458969,0.8419104814529419,1
0.2063726782798767,0.7936273217201233,1
0.13086345791816711,0.8691365718841553,1
0.26372459530830383,0.7362753748893738,1
0.367530882358551,0.632469117641449,1
0.8323001861572266,0.16769976913928986,0
0.6970911026000977,0.30290892720222473,1
0.40144988894462585,0.5985501408576965,1
0.39153990149497986,0.6084600687026978,1
0.545735239982605,0.4542647898197174,0
0.6659145355224609,0.33408549427986145,0
0.5032631158828735,0.49673688411712646,1
0.19224917888641357,0.8077508211135864,1
0.30241888761520386,0.6975811123847961,1
0.3139258623123169,0.6860741376876831,1
0.7137584686279297,0.2862415015697479,1
0.5041216611862183,0.49587833881378174,1
0.9293191432952881,0.07068087160587311,0
0.8806942105293274,0.11930577456951141,1
0.6860176920890808,0.3139822483062744,1
0.8084585666656494,0.19154146313667297,1
0.9159305095672607,0.08406952768564224,0
0.8521533012390137,0.14784669876098633,0
0.15487715601921082,0.8451228141784668,1
0.2897060513496399,0.7102939486503601,1
0.32873600721359253,0.6712640523910522,1
0.04303694888949394,0.956963062286377,1
0.5820753574371338,0.4179246127605438,1
0.2507646977901459,0.7492353320121765,1
0.870880126953125,0.129119873046875,0
0.8741029500961304,0.12589706480503082,1
0.5870428085327148,0.41295719146728516,1
0.6015231013298035,0.3984769284725189,1
0.8661701679229736,0.13382978737354279,0
0.5963338613510132,0.4036661386489868,0
0.3369678854942322,0.6630321145057678,1
0.2204854041337967,0.7795146107673645,1
0.250040739774704,0.7499592900276184,1
0.14849765598773956,0.8515023589134216,1
0.33881738781929016,0.6611826419830322,1
0.334908664226532,0.665091335773468,1
0.9231589436531067,0.07684101164340973,0
0.6448341608047485,0.3551658093929291,1
0.601675271987915,0.39832475781440735,1
0.7423720359802246,0.257627934217453,1
0.8514236211776733,0.14857637882232666,0
0.5586518049240112,0.44134825468063354,0
0.46873679757118225,0.5312632322311401,1
0.19222263991832733,0.8077773451805115,1
0.41490617394447327,0.5850937962532043,1
0.12206141650676727,0.8779385685920715,1
0.28753629326820374,0.7124636769294739,1
0.2624700963497162,0.7375299334526062,1
0.8387195467948914,0.16128045320510864,0
0.8210820555686951,0.17891795933246613,1
0.5628238916397095,0.4371761083602905,1
0.6352062225341797,0.3647938370704651,1
0.6593440175056458,0.34065595269203186,0
0.5660592317581177,0.4339407682418823,0
0.3185367286205292,0.6814632415771484,1
0.2853849232196808,0.7146150469779968,1
0.5737382173538208,0.4262618124485016,1
0.20093543827533722,0.799064576625824,1
0.38022372126579285,0.6197762489318848,1
0.4529193639755249,0.5470806360244751,1
0.7446305155754089,0.2553694546222687,0
0.867244303226471,0.13275571167469025,1
0.48876214027404785,0.5112378597259521,1
0.5090029835700989,0.4909970760345459,1
0.8790010809898376,0.12099891155958176,0
0.2848140299320221,0.7151859998703003,0
0.474579393863678,0.525420606136322,1
0.1651374101638794,0.8348625302314758,1
0.4930778443813324,0.50692218542099,1
0.1022319421172142,0.8977680206298828,1
0.5347738265991211,0.4652262032032013,1
0.238197460770607,0.7618025541305542,1
0.7640716433525085,0.23592834174633026,0
0.6428311467170715,0.35716885328292847,1
0.6953033804893494,0.30469658970832825,1
0.6011075377464294,0.39889246225357056,1
0.8767927885055542,0.1232072040438652,0
0.7086319923400879,0.29136794805526733,0
0.36163920164108276,0.638360857963562,1
0.2123148888349533,0.7876850366592407,1
0.3902099132537842,0.6097900867462158,1
0.13749341666698456,0.8625065684318542,1
0.26805931329727173,0.7319406867027283,1
0.38269442319869995,0.6173055171966553,1
0.7865874171257019,0.2134125530719757,0
0.6434422731399536,0.356557697057724,1
0.4366288483142853,0.5633711814880371,1
0.5847529768943787,0.41524696350097656,1
0.4843596816062927,0.5156403183937073,0
0.4446316659450531,0.5553683042526245,0
0.33538275957107544,0.6646172404289246,1
0.12989751994609833,0.8701024651527405,1
0.524300754070282,0.475699245929718,1
0.21176570653915405,0.788234293460846,1
0.13146524131298065,0.8685347437858582,1
0.05034692957997322,0.9496530294418335,1
0.7011429667472839,0.29885703325271606,0
0.8265061974525452,0.17349377274513245,1
0.8693318367004395,0.13066819310188293,1
0.14166401326656342,0.8583360314369202,1
0.5915462374687195,0.4084538221359253,0
0.5701982378959656,0.4298017919063568,0
0.2199947088956833,0.7800053358078003,1
0.07819747179746628,0.9218025803565979,1
0.41122084856033325,0.588779091835022,1
0.11824078112840652,0.8817592859268188,1
0.28485602140426636,0.7151439785957336,1
0.4417867958545685,0.5582131743431091,1
0.8925943374633789,0.1074056550860405,0
0.6801917552947998,0.3198082447052002,1
0.5671193599700928,0.4328806400299072,1
0.657253623008728,0.34274643659591675,1
0.9775460362434387,0.022453948855400085,0
0.9029983282089233,0.09700168669223785,0
0.17842839658260345,0.8215716481208801,1
0.05577882006764412,0.9442211389541626,1
0.14843566715717316,0.851564347743988,1
0.284246027469635,0.715753972530365,1
0.16905947029590607,0.8309405446052551,1
0.18712083995342255,0.8128791451454163,1
0.3263967037200928,0.6736032962799072,0
0.32600679993629456,0.6739932298660278,1
0.3585999310016632,0.6414000391960144,1
0.620265543460846,0.37973448634147644,1
0.642989456653595,0.35701048374176025,0
0.6823573708534241,0.3176426589488983,0
0.27890685200691223,0.7210931777954102,1
0.23735322058200836,0.7626467347145081,1
0.31436002254486084,0.6856399774551392,1
0.33785325288772583,0.6621466875076294,1
0.09301680326461792,0.9069831967353821,1
0.08789514750242233,0.9121048450469971,1
0.8862528800964355,0.11374707520008087,0
0.7524586915969849,0.24754127860069275,1
0.39092135429382324,0.6090786457061768,1
0.6394723653793335,0.3605276346206665,1
0.8901143074035645,0.10988572239875793,0
0.7871890664100647,0.21281090378761292,0
0.7927291989326477,0.20727083086967468,1
0.1360243707895279,0.8639756441116333,1
0.5890157222747803,0.4109842777252197,1
0.19392816722393036,0.8060718178749084,1
0.20979206264019012,0.7902079224586487,1
0.2292337566614151,0.7707661986351013,1
0.7849873304367065,0.21501263976097107,0
0.6006603837013245,0.39933961629867554,1
0.674140989780426,0.3258589804172516,1
0.7874132394790649,0.2125866860151291,1
0.8757190108299255,0.12428098917007446,0
0.9105586409568787,0.08944140374660492,0
0.16008895635604858,0.8399110436439514,1
0.2509949505329132,0.7490050792694092,1
0.2808028757572174,0.719197154045105,1
0.11969169229269028,0.8803083300590515,1
0.08235559612512589,0.9176444411277771,1
0.3779049813747406,0.6220950484275818,1
0.5765283107757568,0.42347171902656555,0
0.6447948217391968,0.35520511865615845,1
0.28415852785110474,0.7158414721488953,1
0.7619680166244507,0.23803195357322693,1
0.8359521627426147,0.16404782235622406,0
0.751509428024292,0.248490571975708,0
0.7668787837028503,0.23312120139598846,1
0.06764589995145798,0.9323540925979614,1
0.46211421489715576,0.5378857851028442,1
0.3013792335987091,0.6986207962036133,1
0.20889931917190552,0.7911006212234497,1
0.44165539741516113,0.5583446621894836,1
0.8978614211082458,0.10213852673768997,0
0.6753130555152893,0.3246868848800659,1
0.3329523205757141,0.6670476794242859,1
0.8831063508987427,0.11689357459545135,1
0.4989827275276184,0.5010172724723816,0
0.5884711742401123,0.4115288555622101,0
0.26565590500831604,0.7343441247940063,1
0.0612616091966629,0.9387384653091431,1
0.3188725411891937,0.6811274886131287,1
0.04630998894572258,0.9536900520324707,1
0.20080605149269104,0.7991939187049866,1
0.24473226070404053,0.7552677392959595,1
0.8959329128265381,0.10406709462404251,0
0.6293187141418457,0.3706812560558319,1
0.7197506427764893,0.28024938702583313,1
0.8646634221076965,0.13533654808998108,1
0.7932218313217163,0.20677819848060608,0
0.8042295575141907,0.1957705020904541,0
0.6252282857894897,0.37477171421051025,1
0.07647336274385452,0.9235267043113708,1
0.47266337275505066,0.5273366570472717,1
0.360826700925827,0.6391732692718506,1
0.12814587354660034,0.8718541264533997,1
0.29040053486824036,0.7095994353294373,1
0.8250550031661987,0.17494499683380127,0
0.5322909951210022,0.4677090048789978,1
0.44544512033462524,0.55455482006073,1
0.7537990808486938,0.24620085954666138,1
0.9308807849884033,0.06911918520927429,0
0.6639124155044556,0.33608752489089966,0
0.7145840525627136,0.2854158878326416,1
0.10007478296756744,0.8999252319335938,1
0.6842935085296631,0.3157064616680145,1
0.230686217546463,0.7693137526512146,1
0.3000006675720215,0.6999992728233337,1
0.40026479959487915,0.5997352004051208,1
0.9144712090492249,0.08552878350019455,0
0.851706326007843,0.1482936590909958,1
0.7030418515205383,0.29695820808410645,1
0.8750059604644775,0.12499402463436127,1
0.8188959360122681,0.18110400438308716,0
0.8167327046394348,0.18326722085475922,0
0.25228777527809143,0.7477121949195862,1
0.138176828622818,0.8618232011795044,1
0.22269083559513092,0.7773091197013855,1
0.20318010449409485,0.7968199253082275,1
0.1139783263206482,0.8860216736793518,1
0.1582699567079544,0.841729998588562,1
0.8808091878890991,0.11919082701206207,0
0.310822457075119,0.6891775131225586,1
0.45892447233200073,0.5410755276679993,1
0.8895236253738403,0.11047642678022385,1
0.8123074173927307,0.1876925230026245,0
0.8608755469322205,0.13912445306777954,0
0.1469334363937378,0.8530665636062622,1
0.23162397742271423,0.7683760523796082,1
0.14747297763824463,0.8525270819664001,1
0.21312277019023895,0.7868772745132446,1
0.06711725890636444,0.9328827857971191,1
0.21783113479614258,0.7821688652038574,1
0.8308779001235962,0.16912207007408142,0
0.6423385739326477,0.3576614558696747,1
0.6104224324226379,0.38957762718200684,1
0.42951500415802,0.57048499584198,1
0.9467464089393616,0.053253598511219025,0
0.6492865085601807,0.35071349143981934,0
0.46055567264556885,0.5394442677497864,1
0.14751765131950378,0.8524823784828186,1
0.15877068042755127,0.8412293791770935,1
0.12635906040668488,0.8736409544944763,1
0.0918840616941452,0.9081159234046936,1
0.22571417689323425,0.7742858529090881,1
0.6852796077728271,0.3147203326225281,0
0.7154923677444458,0.2845076024532318,1
0.4503721296787262,0.5496279001235962,1
0.7919834852218628,0.208016499876976,1
0.8075856566429138,0.19241435825824738,0
0.24310028553009033,0.7568997740745544,0
0.2921452820301056,0.7078547477722168,1
0.15539517998695374,0.8446047902107239,1
0.20951925218105316,0.7904807925224304,1
0.07871119678020477,0.921288788318634,1
0.39088472723960876,0.6091153025627136,1
0.37123286724090576,0.6287670731544495,1
0.5862913727760315,0.4137086272239685,0
0.7310621738433838,0.2689377963542938,1
0.4191371500492096,0.580862820148468,1
0.6876587867736816,0.31234121322631836,1
0.9957516193389893,0.004248321056365967,0
0.6908885836601257,0.30911141633987427,0
0.3450135588645935,0.6549864411354065,1
0.13889122009277344,0.8611087799072266,1
0.29026591777801514,0.7097341418266296,1
0.23196464776992798,0.768035352230072,1
0.10038883984088898,0.8996111750602722,1
0.059861570596694946,0.9401384592056274,1
0.9129331707954407,0.08706679940223694,0
0.653973400592804,0.34602662920951843,1
0.7819822430610657,0.2180178165435791,1
0.7550925016403198,0.24490754306316376,1
0.8864646553993225,0.1135353371500969,0
0.7068009972572327,0.2931990325450897,0
0.23775750398635864,0.7622424960136414,1
0.1370636522769928,0.8629363775253296,1
0.2904999852180481,0.7095000147819519,1
0.3332552909851074,0.6667447090148926,1
0.19901210069656372,0.8009878993034363,1
0.12490761280059814,0.8750924468040466,1
0.6325485110282898,0.3674515187740326,0
0.4105123281478882,0.5894876718521118,1
0.774292528629303,0.2257075011730194,1
0.6805848479270935,0.3194151222705841,1
0.9645298719406128,0.03547011315822601,0
0.7031840682029724,0.29681599140167236,0
0.7013201713562012,0.29867982864379883,1
0.23637844622135162,0.7636215686798096,1
0.3552091419696808,0.6447908878326416,1
0.20371022820472717,0.7962898015975952,1
0.6248835325241089,0.37511640787124634,1
0.3579281270503998,0.6420719027519226,1
0.861155092716217,0.13884496688842773,0
0.6597200036048889,0.3402799665927887,1
0.5634744167327881,0.4365255534648895,1
0.6242843270301819,0.3757157325744629,1
0.9642939567565918,0.035706039518117905,0
0.8638662695884705,0.13613377511501312,0
0.31885701417922974,0.6811429858207703,1
0.06613843142986298,0.9338616132736206,1
0.3777582049369812,0.6222417950630188,1
0.08357340842485428,0.9164265990257263,1
0.35753241181373596,0.6424675583839417,1
0.3911319673061371,0.6088680028915405,1
0.9073390364646912,0.09266093373298645,0
0.7971881031990051,0.20281194150447845,1
0.7384388446807861,0.2615611255168915,1
0.878849983215332,0.12115001678466797,1
0.9356842041015625,0.06431586295366287,0
0.8393092155456543,0.1606907695531845,0
0.7139973044395447,0.2860027253627777,1
0.30251821875572205,0.6974818110466003,1
0.4078325927257538,0.5921674370765686,1
0.13594186305999756,0.8640581369400024,1
0.40016722679138184,0.5998328328132629,1
0.3898032009601593,0.6101968288421631,1
0.9261875748634338,0.07381236553192139,0
0.48733624815940857,0.5126637816429138,1
0.6181220412254333,0.3818780183792114,1
0.7604009509086609,0.2395990639925003,1
0.6706116199493408,0.32938843965530396,0
0.8008702993392944,0.19912968575954437,0
0.32865816354751587,0.6713418960571289,1
0.07743702083826065,0.9225630164146423,1
0.40345415472984314,0.5965458154678345,1
0.0813530758023262,0.9186469316482544,1
0.2845180034637451,0.7154819965362549,1
0.2108820676803589,0.7891179323196411,1
0.9111941456794739,0.0888059064745903,0
0.7250486016273499,0.27495142817497253,1
0.6159200668334961,0.3840799331665039,1
0.717985987663269,0.2820139527320862,1
0.5715876221656799,0.42841237783432007,0
0.7346205115318298,0.26537954807281494,0
0.5469525456428528,0.45304742455482483,1
0.074874646961689,0.9251253008842468,1
0.5932677388191223,0.4067322909832001,1
0.04437709599733353,0.9556229114532471,1
0.5264493823051453,0.47355061769485474,1
0.3230927884578705,0.6769072413444519,1
0.9748585224151611,0.025141451507806778,0
0.880956768989563,0.11904320865869522,1
0.8055402040481567,0.19445981085300446,1
0.7876487970352173,0.21235120296478271,1
train accuracy:0.625000	train loss:76.172834
test accuracy:0.725000	test loss:197.352857
APCER:0.3407	BPCER:0.0778
