ARGS:Namespace(data_source='rm', face_region='normalized', gpu_devices='0', lr=0.0001, num_epochs=1, rec_dir='../../results/scores_rec/rm_single', seed=1, size='256', test_batch=1, train_batch=4)

epoch:0
0.0023857017513364553,0.9976142644882202,1
0.013871628791093826,0.9861283302307129,1
3.3228450774913654e-05,0.9999667406082153,1
0.02902882546186447,0.9709711074829102,1
0.006605814211070538,0.9933941960334778,1
0.0034538155887275934,0.99654620885849,1
0.0728582963347435,0.9271417260169983,1
0.004829848185181618,0.9951701760292053,1
0.003978152759373188,0.9960219264030457,1
0.0019329802598804235,0.9980670809745789,1
0.008869301527738571,0.9911307096481323,1
0.0014455829514190555,0.9985544085502625,1
0.03849218040704727,0.9615078568458557,1
7.556034688604996e-05,0.9999244213104248,1
0.002111637033522129,0.9978883862495422,1
0.0004410756519064307,0.9995588660240173,1
0.001368686673231423,0.9986312985420227,1
3.500278398860246e-05,0.9999649524688721,1
0.00046755484072491527,0.9995324611663818,1
0.0001325493649346754,0.9998674392700195,1
0.00699719600379467,0.9930028319358826,1
0.000170928833540529,0.9998290538787842,1
0.007146719377487898,0.9928532242774963,1
7.33415872673504e-05,0.9999266862869263,1
0.008107909932732582,0.9918920993804932,1
0.0025311908684670925,0.9974688291549683,1
0.0004897586768493056,0.9995102882385254,1
0.0023233715910464525,0.9976766705513,1
0.009676282294094563,0.9903236627578735,1
4.2299296183045954e-05,0.9999576807022095,1
0.001034336630254984,0.9989656209945679,1
0.0007235396769829094,0.9992764592170715,1
0.016288582235574722,0.9837114214897156,1
0.00036557973362505436,0.9996343851089478,1
1.9306800822960213e-05,0.9999806880950928,1
0.0017434466863051057,0.998256504535675,1
0.0008153966628015041,0.9991845488548279,1
7.437806198140606e-05,0.9999256134033203,1
0.00020487284928094596,0.999795138835907,1
0.0006106938817538321,0.9993892908096313,1
0.0002854112535715103,0.9997145533561707,1
5.124587187310681e-05,0.9999487400054932,1
9.641376527724788e-05,0.9999035596847534,1
0.03768352419137955,0.9623164534568787,1
0.022800980135798454,0.9771990776062012,1
0.00013256477541290224,0.9998674392700195,1
0.00026639836141839623,0.9997336268424988,1
0.0034261862747371197,0.996573805809021,1
0.02199031226336956,0.9780096411705017,1
1.536400850454811e-05,0.999984622001648,1
1.8583868950372562e-05,0.9999814033508301,1
3.289334199507721e-05,0.999967098236084,1
0.0002534321683924645,0.9997466206550598,1
5.124376912135631e-05,0.9999487400054932,1
0.00015091971727088094,0.9998490810394287,1
3.967750308220275e-05,0.9999603033065796,1
9.158557077171281e-05,0.999908447265625,1
0.02028851956129074,0.9797114729881287,1
0.010580012574791908,0.9894199371337891,1
0.019105467945337296,0.9808945059776306,1
0.011351799592375755,0.9886482357978821,1
0.0015078901778906584,0.9984921216964722,1
0.0010038003092631698,0.9989961981773376,1
0.012438560836017132,0.9875614643096924,1
0.0068375482223927975,0.9931625127792358,1
0.0008579803979955614,0.999142050743103,1
0.0015289461007341743,0.9984710812568665,1
0.12428449839353561,0.875715434551239,1
0.029841642826795578,0.9701583385467529,1
0.007086258847266436,0.9929137229919434,1
0.0005637319991365075,0.9994361996650696,1
0.014848260208964348,0.9851517081260681,1
0.014730987139046192,0.9852690100669861,1
0.0023392410948872566,0.997660756111145,1
0.0005954848602414131,0.9994045495986938,1
0.039852701127529144,0.9601472616195679,1
0.003079310990869999,0.9969207048416138,1
0.00026540609542280436,0.9997345805168152,1
0.00038665253669023514,0.999613344669342,1
0.004064871929585934,0.9959350824356079,1
0.004918816965073347,0.9950811862945557,1
1.296175742027117e-05,0.999987006187439,1
4.0089951653499156e-05,0.9999599456787109,1
0.0029367299284785986,0.9970632195472717,1
0.013262437656521797,0.9867375493049622,1
9.292459253629204e-06,0.999990701675415,1
3.276513598393649e-05,0.9999672174453735,1
5.58353349333629e-05,0.9999442100524902,1
0.00014093871868681163,0.999859094619751,1
2.1134077542228624e-05,0.9999788999557495,1
5.120512014400447e-06,0.9999948740005493,1
0.0003114954160992056,0.9996885061264038,1
0.00030742751550860703,0.9996925592422485,1
1.3190555364417378e-05,0.9999867677688599,1
0.00017884351836983114,0.999821126461029,1
0.00013785822375211865,0.9998620748519897,1
0.00014774910232517868,0.999852180480957,1
1.4676444379801978e-06,0.9999985694885254,1
3.942719558835961e-06,0.9999960660934448,1
0.0002476204535923898,0.9997523427009583,1
0.0001205669468617998,0.9998793601989746,1
4.5754608436254784e-05,0.9999542236328125,1
1.060180784406839e-05,0.99998939037323,1
1.2462376616895199e-05,0.9999874830245972,1
0.009612366557121277,0.9903876185417175,1
0.010833563283085823,0.9891664385795593,1
0.04539075121283531,0.9546092748641968,1
0.049450647085905075,0.9505494236946106,1
0.0006256724591366947,0.9993743300437927,1
0.0015227303374558687,0.9984772801399231,1
0.014267776161432266,0.9857322573661804,1
0.017030127346515656,0.9829698801040649,1
0.0011290083639323711,0.9988709092140198,1
0.0005229887319728732,0.9994770884513855,1
0.028641577810049057,0.9713584780693054,1
0.027240920811891556,0.9727590680122375,1
0.0014979395782575011,0.9985021352767944,1
0.0016561520751565695,0.998343825340271,1
0.0022932258434593678,0.9977067708969116,1
0.002599849598482251,0.997400164604187,1
0.009996095672249794,0.9900038838386536,1
0.0034279352985322475,0.9965720176696777,1
0.03661859780550003,0.9633814096450806,1
0.006271047051995993,0.9937289953231812,1
0.0030098184943199158,0.9969902038574219,1
0.002178115537390113,0.9978219270706177,1
0.027688100934028625,0.9723118543624878,1
0.0032322541810572147,0.9967677593231201,1
0.0015786137664690614,0.9984214305877686,1
0.0009043898899108171,0.9990956783294678,1
0.021390069276094437,0.9786099195480347,1
0.0050313943065702915,0.994968593120575,1
0.002302001928910613,0.9976980090141296,1
0.002027041744440794,0.9979729056358337,1
0.02160017006099224,0.9783998131752014,1
0.004080863669514656,0.9959191679954529,1
0.0007556752534583211,0.9992443323135376,1
0.002564162714406848,0.9974358677864075,1
0.0016876751324161887,0.9983123540878296,1
0.0015159017639234662,0.9984840750694275,1
1.745904955896549e-05,0.9999825954437256,1
0.0004172346380073577,0.999582827091217,1
4.953881580149755e-05,0.9999504089355469,1
0.00021849482436664402,0.9997815489768982,1
0.00020834147289860994,0.99979168176651,1
0.00012223483645357192,0.9998776912689209,1
0.0021830301266163588,0.9978169202804565,1
0.001851709559559822,0.9981483221054077,1
0.00018768481095321476,0.9998123049736023,1
6.616258906433359e-05,0.9999338388442993,1
0.0005085856537334621,0.9994914531707764,1
0.00011899578385055065,0.9998810291290283,1
8.891390461940318e-05,0.9999110698699951,1
0.000749573518987745,0.9992503523826599,1
0.0004149004817008972,0.9995850920677185,1
0.0022140236105769873,0.9977859258651733,1
1.8880693460232578e-05,0.999981164932251,1
0.0016266072634607553,0.9983733892440796,1
0.00023194457753561437,0.999768078327179,1
0.0005960125708952546,0.9994039535522461,1
0.00010581249807728454,0.9998941421508789,1
0.0027543893083930016,0.9972456693649292,1
0.003441364737227559,0.9965586066246033,1
0.08232606947422028,0.9176739454269409,1
4.4060725485906005e-05,0.9999558925628662,1
0.0009456217521801591,0.9990543723106384,1
0.00016067401156760752,0.9998393058776855,1
0.008609901182353497,0.9913901090621948,1
0.01243168581277132,0.9875683188438416,1
0.03948258236050606,0.9605174660682678,1
0.17765222489833832,0.8223477005958557,1
0.028524035587906837,0.9714760184288025,1
0.002309952164068818,0.9976900815963745,1
0.020711353048682213,0.979288637638092,1
0.0010141669772565365,0.9989858269691467,1
0.03416130691766739,0.965838611125946,1
0.0002536475658416748,0.9997463822364807,1
0.0021275572944432497,0.9978724718093872,1
0.00441350881010294,0.9955865144729614,1
0.0010427277302369475,0.9989572763442993,1
0.9793298840522766,0.020670048892498016,0
0.9787588119506836,0.021241236478090286,0
0.9971056580543518,0.0028943978250026703,0
0.9984695315361023,0.0015304484404623508,0
0.9160165190696716,0.08398345857858658,0
0.9842004179954529,0.01579957641661167,0
0.9974601864814758,0.0025398421566933393,0
0.9891001582145691,0.010899885557591915,0
0.958986759185791,0.04101331904530525,0
0.9924523234367371,0.007547680754214525,0
0.9995256662368774,0.0004743516619782895,0
0.9982967972755432,0.0017032591858878732,0
0.9960833787918091,0.00391665194183588,0
0.947019636631012,0.05298039689660072,0
0.9851957559585571,0.014804215170443058,0
0.9994611144065857,0.0005389336147345603,0
0.9993382096290588,0.000661719823256135,0
0.996959924697876,0.0030401439871639013,0
0.852271556854248,0.14772841334342957,0
0.8458601832389832,0.15413983166217804,0
0.9947531223297119,0.0052468315698206425,0
0.9755234122276306,0.024476610124111176,0
0.9496363401412964,0.05036364495754242,0
0.749456524848938,0.25054341554641724,0
0.6871930956840515,0.3128068745136261,0
0.9956508278846741,0.004349169787019491,0
0.9804438352584839,0.019556201994419098,0
0.9358895421028137,0.06411048024892807,0
0.9856686592102051,0.01433131005614996,0
0.9682794809341431,0.03172050416469574,0
0.9931434392929077,0.006856519728899002,0
0.9932960867881775,0.006703891791403294,0
0.9442465305328369,0.05575341358780861,0
0.9775441884994507,0.02245573326945305,0
0.8852701187133789,0.1147298514842987,0
0.9925992488861084,0.007400743663311005,0
0.997464656829834,0.0025353876408189535,0
0.9528058767318726,0.04719415307044983,0
0.9785104990005493,0.021489519625902176,0
0.9989111423492432,0.0010888759279623628,0
0.9995260238647461,0.00047396181616932154,0
0.9982941746711731,0.001705806003883481,0
0.9969878792762756,0.0030120883602648973,0
0.9910736680030823,0.008926346898078918,0
0.9963343143463135,0.0036656863521784544,0
0.9983003735542297,0.001699707587249577,0
0.9979944229125977,0.0020056217908859253,0
0.9847518801689148,0.015248163603246212,0
0.7229892015457153,0.27701079845428467,0
0.7102004885673523,0.2897995710372925,0
0.9965739250183105,0.003426118055358529,0
0.9870058298110962,0.01299417857080698,0
0.9311121106147766,0.0688878744840622,0
0.43627840280532837,0.5637215971946716,0
0.6974310278892517,0.3025689125061035,0
0.9918745160102844,0.00812548492103815,0
0.9971498847007751,0.0028500787448138,0
0.9698653817176819,0.030134687200188637,0
0.9959738850593567,0.004026088397949934,0
0.9982178807258606,0.0017821557121351361,0
0.9989126920700073,0.0010873553110286593,0
0.9974033236503601,0.0025966342072933912,0
0.9978801012039185,0.002119937911629677,0
0.9988191723823547,0.001180854975245893,0
0.9960556030273438,0.003944445867091417,0
0.9988327622413635,0.001167270471341908,0
0.9930250644683838,0.006974903400987387,0
0.993165910243988,0.00683406088501215,0
0.9649189710617065,0.03508099913597107,0
0.7807310223579407,0.2192690372467041,0
0.995662271976471,0.004337708465754986,0
0.995055079460144,0.004944894928485155,0
0.9655504822731018,0.03444956988096237,0
0.9597247838973999,0.040275201201438904,0
0.8152849078178406,0.1847151666879654,0
0.9927579164505005,0.007242100313305855,0
0.9984539747238159,0.0015460330760106444,0
0.9536413550376892,0.04635859280824661,0
0.9937089681625366,0.006290962919592857,0
0.9851019382476807,0.014898018911480904,0
0.9970844388008118,0.002915544668212533,0
0.9705924391746521,0.029407577589154243,0
0.9889023900032043,0.011097626760601997,0
0.9942733645439148,0.00572656886652112,0
0.9953887462615967,0.004611252807080746,0
0.9976159334182739,0.002384079387411475,0
0.9911914467811584,0.008808585815131664,0
0.994450569152832,0.0055494909174740314,0
0.987691342830658,0.012308627367019653,0
0.9873649477958679,0.012635057792067528,0
0.9609066247940063,0.03909340500831604,0
0.9917466640472412,0.008253331296145916,0
0.9447428584098816,0.0552571602165699,0
0.9970285296440125,0.002971484325826168,0
0.9901008605957031,0.009899110533297062,0
0.9688846468925476,0.031115354970097542,0
0.9918870329856873,0.008112916722893715,0
0.8403178453445435,0.15968219935894012,0
0.9533780813217163,0.04662195220589638,0
0.9609050750732422,0.039094969630241394,0
0.9943952560424805,0.005604694597423077,0
0.9893643856048584,0.010635551996529102,0
0.9653195738792419,0.03468038886785507,0
0.8316923379898071,0.1683076173067093,0
0.9970199465751648,0.002980015240609646,0
0.9960320591926575,0.003967906814068556,0
